0.8309602802005723
0.9291887828164611
0.31943741712322293
0.2827492310094294
0.32650547587436585
0.12923293251716517
0.7634450135276633
0.08881328173501601
0.9173302027685121
0.6257896180636912
0.6143915473478451
0.2886963491994814
0.24228398577933907
0.8820089125203054
0.7802044721123336
0.5255733729345904
0.2254161656285425
0.7151125911507563
0.24909361770559502
0.3675141588128894
0.017681471149576744
0.2819530493987573
0.9580332541091384
0.04949804646133793
0.563106461809907
0.12515231600098264
0.12191378111495643
0.7548954021786252
0.4238131377806036
0.8643350666060844
0.09539716900917472
0.5258679036670432
0.12458669486685536
0.12518075457790867
0.7082519756656414
0.8950123547904469
0.8410789231362057
0.323971936748616
0.6263562149567535
0.04730275645421278
0.40399680520223524
0.3873548965307305
0.10018088036872175
0.2936843714550632
0.13752996623667624
0.3335921722114473
0.10223225584383755
0.7274502432978647
0.07345154375973639
0.08232285312912513
0.49327960950478567
0.9812228588383232
0.09062770345285576
0.5538215057481408
0.7720469372107697
0.2820943671932039
0.149818238001299
0.6115822196109955
0.318859621641978
0.09142733149151239
0.4122304095645988
0.3416443507972444
0.7040658841140752
0.38642480381092126
0.6769296132295181
0.8179827757524056
0.970255528094626
0.6648238661160837
0.38728592180944976
0.9534924903810307
0.08370852708005339
0.45767621569946126
0.7945738132330755
0.11611112751331343
0.17848594828289355
0.5755804788209844
0.7426388634352579
0.44697943452814404
0.31140872712365786
0.59609520438089
0.04494770483079413
0.4941346240527402
0.5571183724858777
0.40388170784931776
0.45143979726805095
0.38245730095671837
0.5759417640298289
0.07023628115235292
0.9846063943478247
0.9834051160733124
0.5834634979786645
0.6964039387821195
0.9697316716775748
0.21844050864378217
0.39565172993746256
0.4888834703805449
0.14419025956122644
0.77054164320532
0.45410367001798446
0.3962850690090862
