0.5803473069283577
0.03582272511999662
0.4316768728533411
0.21913224166917844
0.05830356822156013
0.372999931911993
0.5653239435333242
0.6561498175538308
0.8143217176097249
0.62649886309516
0.23878086918767083
0.04177875132713227
0.6811354833803448
0.05255109917297185
0.40005883317221536
0.35182026917081677
0.7148665455546229
0.875738682164301
0.7329829656960587
0.2574783223352112
0.9712245769315867
0.7223686138940855
0.6258460970378529
0.9732835203078979
0.9983089183208164
0.4137009639255672
0.48294794917708006
0.7835682815829451
0.06174571098601711
0.199227251638748
0.951023615034672
0.11174698044381493
0.2782295957246612
0.6671690791506153
0.05343353088355263
0.581317428734123
0.890842168606677
0.06189972323752446
0.4657068647521285
0.12274706759478915
0.35881468084339285
0.36103516047037887
0.8933622268396297
0.5823059576459103
0.3642723062825066
0.7696632633685889
0.9994706395023057
0.8927119205119715
0.5432599891589498
0.14128451830224664
0.12788423718842257
0.645976194958073
0.280159691992692
0.06109630874684013
0.877807065103127
0.9948739421030293
0.49594201645061653
0.312568411714497
0.6215877483968436
0.8869118208176666
0.11664839647176561
0.13856636387180665
0.3290316983817416
0.38497565085988394
0.37202091853520314
0.8710532916694446
0.3299157024174084
0.8056932968920366
0.12204342744592334
0.23348028732400483
0.2935242209848279
0.23040553188169854
0.7378922267007166
0.449104688335458
0.49921416175690936
0.7713941056134495
0.9438868213993846
0.2069852940971424
0.36646834756779145
0.42835991410681906
0.2609234431574764
0.20012013066285772
0.3651460589214125
0.26157066017215747
0.9146339513964225
0.8026598436698458
0.6927495546659904
0.9902854211276376
0.90985825029826
0.5886193869806747
0.7600848861139031
0.44327649777292566
0.8837615943397228
0.9063108382919308
0.7434971961035409
0.7265861009426843
0.5710915325632034
0.9483326532672404
0.9995201945779606
0.7316796426682626
0.007550138170367093
