0.39128638017769013
0.777719056253506
0.38375476168803724
0.5975209688528508
0.884217553346176
0.5333517593026805
0.8707575035345068
0.276813392829118
0.4435154959400047
0.15360805210934336
0.20074243305465822
0.8821840552417302
0.48214395884482164
0.1900947929864042
0.03968739765621088
0.7546353461309689
0.5976913608320297
0.0682574276537109
0.41103353302401546
0.9273651340524512
0.30217045566221
0.6229076956063955
0.5435953723596942
0.9730513902073727
0.376068872382497
0.38022353289307753
0.6424181529347397
0.6080799177137217
0.6076554951252284
0.8518307919846722
0.28189011747506265
0.21248566499590205
0.15225337989380727
0.9113558586895685
0.6174202893157061
0.5389088226122003
0.7802197563411707
0.5129151655051258
0.5544581717498872
0.6868166397528396
0.7358660816738328
0.7145411467801012
0.16525157242393917
0.007011618515474272
0.1624320691314297
0.7477461228238428
0.6274842971489077
0.37748020826257933
0.581823321322564
0.6039044352837903
0.6520098407330852
0.4895876259138269
0.8943885780768028
0.6399298244396632
0.7970052683500938
0.1502952730113637
0.7690466415624237
0.48953306726129486
0.2548896608537541
0.35038212579126216
0.9344476329414643
0.8506840230642015
0.8837728581013992
0.9668719325837459
0.36650126769072733
0.585683198046874
0.7937104323101506
0.9765571877716014
0.008669417643019761
0.9532529874065789
0.5583865277674844
0.4340788071131223
0.1995665438609342
0.7740449264951599
0.16442168289820536
0.8505214636920254
0.9002813709057008
0.4886671898319874
0.52445352506603
0.07953317904413992
0.13037850189431854
0.23030891026949718
0.17443076304303506
0.4771631437123507
0.3108601709430866
0.017544157718557996
0.13473128623899866
0.49403470487082146
0.7496624731761232
0.7447997654209675
0.3478657079588586
0.885108881924818
0.3583259255370006
0.8971098138596264
0.657906333928156
0.7851875888531807
0.22206914788054333
0.09071119408742567
0.07738711827965072
0.30432773052063455
