0.48269227468496645
0.7222490317960255
0.10695444130351772
0.8779939501868718
0.22258441547406682
0.9124919046914488
0.6192671429087787
0.3270394498094006
0.6335223839018829
0.8042641004717492
0.034868399488182544
0.9682589287444854
0.7850405659245502
0.1818881182051847
0.6191408589015202
0.7650169239566664
0.9366357932381599
0.7514267937221112
0.34015035389766135
0.9076610379782565
0.4565614233040033
0.09662492343346596
0.08674750043721846
0.12438690312752498
0.9089032477365461
0.8492087606759734
0.6412690118993171
0.5289556093278404
0.1942982075255636
0.46107187212827716
0.9377271201293688
0.6606175397391848
0.1255406209360006
0.8834977197603432
0.9716029507719088
0.05448641985346403
0.4490153117424497
0.24685259254211545
0.24538769403065586
0.6678787974197739
0.6859593143206607
0.05955354072719521
0.26192970647210345
0.8678758450679781
0.4201681356442708
0.5165621212376877
0.15895536825286316
0.12648889361456772
0.8505459725689265
0.18682599776508724
0.2496046204815362
0.5491117990090981
0.36305715436784036
0.98265858393211
0.11995381129072946
0.14127630670293534
0.24388554345341373
0.8703663418030254
0.6950613367610197
0.9043734833428173
0.9258517307927077
0.49566478447599316
0.25522065737131094
0.037257367008841746
0.8057489216440784
0.819648544724078
0.832252759332053
0.04822955362458581
0.6152653095941528
0.45900771744916435
0.5767523860082254
0.7064983756286295
0.4499158998643732
0.6914112756072146
0.28420937940953184
0.35784730103974727
0.7540310390663477
0.8317246582719393
0.3662392638227835
0.3083734371607627
0.5697045692132665
0.6393849294145734
0.03829950211303934
0.3029026195955231
0.457284114744703
0.044543106926647424
0.3270846616349449
0.08350959203121255
0.6873112385395614
0.998526593331856
0.0658320082880054
0.017493219992541054
0.8403745522597845
0.1290703539585516
0.24510250936213995
0.15148949996808592
0.62090189761582
0.17430287690411628
0.7229815803365275
0.41189653170806495
0.18984766108702922
