0.8448165453001573
0.7536086992201821
0.15694592508301086
0.42121102343354566
0.4766030072928872
0.7191164578359537
0.6391613132478083
0.0952172221958354
0.18933916482503788
0.3453640462092622
0.6433479223773115
0.9207726226761728
0.07641587916249082
0.3283067796990885
0.1521935416209712
0.1472791291614738
0.7282172206888983
0.3047782533494213
0.6751800886715053
0.724773215010931
0.10210244800532653
0.03470001080002616
0.15934960173955293
0.9598781250365875
0.9921671667959971
0.4951819980682599
0.9787291633408639
0.48796739133301736
0.3235070633091588
0.48687588277610405
0.3119692955320985
0.8908572244128186
0.35188034377867206
0.7542677626210381
0.9660686482184856
0.37203670611298567
0.7242070093184884
0.18439858068373782
0.48481305253088947
0.7421111828865049
0.7166922400461827
0.43884457244474917
0.6277610751666877
0.2905372130063818
0.6323843800905435
0.4171876681912209
0.823663544095933
0.2527833063843755
0.3540506854028851
0.4530308264099564
0.42245656014922306
0.2909423817018991
0.893811251568087
0.0516680680775804
0.3569789271646062
0.20727097192312294
0.07957903677177092
0.14880332387292272
0.25659649338895363
0.558685130512475
0.47228600004404997
0.6806130682749574
0.6483611924599588
0.3421016150798395
0.17775401772131816
0.725732507900235
0.030986630658888514
0.9089212049133627
0.14967005941337208
0.43500587195830653
0.6561887877695267
0.7308679155262154
0.2339314534077339
0.7477955967617983
0.10541691090543925
0.19246183628858693
0.7605335003621917
0.5833568599253429
0.8698103098252266
0.49355875435827434
0.3330168050932206
0.9152644696684353
0.8955373509696402
0.6266320205322768
0.6611556240553923
0.6898313392964065
0.5485696424256952
0.9457132557606267
0.05512307482693046
0.8632472183970632
0.6043971960412208
0.7928232194345738
0.033122405844239755
0.537849254310556
0.44884868676538325
0.5406297181845758
0.4356682435217901
0.07446788925036762
0.47630158454161875
0.1810050032291659
