0.19032270973585097
0.34460513262326287
0.7739256745176091
0.30191046701332036
0.0801647511044371
0.7111556525335744
0.10910472523856019
0.3069269685806014
0.5558296442993096
0.8507217449328499
0.47423244473875803
0.2521161208698067
0.8681455029604865
0.3558910497233737
0.8306393484445583
0.7225971025054013
0.4880524710465354
0.21164856067062965
0.6912107164986497
0.9492422451762142
0.571309328237222
0.2536987501873401
0.12138714097972148
0.30650487017144745
0.09374899979251072
0.9182563597977842
0.937098896478983
0.29686396052584296
0.28893525083878646
0.2952264621168662
0.37578067777531177
0.43033428445140387
0.9298110883508319
0.42845248440708605
0.3565606652586757
0.5176708280552185
0.4113630149149604
0.3101149020843219
0.5401705429744859
0.07591180688086052
0.6093123278319506
0.21035389269215388
0.8995209165117679
0.9451748342203874
0.24033028137115975
0.3142242715209046
0.913943217298171
0.5159940553588407
0.3314624866683763
0.6485208117742164
0.5395933353045396
0.8595650748324043
0.5775543523443173
0.014126264852347026
0.24542297931657908
0.7177988996472933
0.9149248405349235
0.24916278779989687
0.01794599978611766
0.22914429232619837
0.62286535561184
0.10233882051493803
0.5430203600242858
0.9302485374458815
0.5659099036037816
0.12028959236696901
0.045993703406078446
0.3607272337442424
0.03557668378234602
0.5972701575107253
0.3808917317430228
0.8010640041785713
0.9469970750744029
0.6924234457960774
0.15168633680987842
0.6164138918046607
0.23406277042550105
0.19588763121685793
0.6371121604774062
0.5246070138212541
0.7399194563320152
0.23268335843278976
0.12079139008348683
0.39599893396633545
0.15074436044414952
0.7999077420130972
0.8456202187720806
0.7038416898233247
0.8179014282275238
0.651198065912222
0.7361551216502862
0.029993558037763268
0.01469167807613736
0.008357000767930223
0.7079065311628376
0.48805954645543626
0.8961922475915768
0.8312332972507627
0.24468587762061966
0.5889329214971522
0.8066762514271018
